 Number Of Tubes 

60,60,60,60,60,60,60,60,60,60,60,60,60,60,60,60,60,60,60,60,60,60,60,60,60,60,60,60,60,60,60,60,60,60,60,60,60,60,60,60,60,60,60,60,60,60,60,60,60,60,60,60,60,60,60,60,60,60,60,60,60,60,60,60,60,60,60,60,60,60,60,60,60,60,60,60,60,60,60,60,60,60,60,60,60,60,60,60,60,60,60,60,60,60,60,60,60,60,60,60,

 Tube Height 

0.00156261, 0.00156261, 0.00156261, 0.00156261, 0.00156261, 0.00156261, 0.00156261, 0.00156261, 0.00156261, 0.00156261, 0.00156261, 0.00156261, 0.00156261, 0.00156261, 0.00156261, 0.00156261, 0.00156261, 0.00156261, 0.00156261, 0.00156261, 0.00156261, 0.00156261, 0.00156261, 0.00156261, 0.00156261, 0.00156261, 0.00156261, 0.00156261, 0.00156261, 0.00156261, 0.00156261, 0.00156261, 0.00156261, 0.00156261, 0.00156261, 0.00156261, 0.00156261, 0.00156261, 0.00156261, 0.00156261, 0.00156261, 0.00156261, 0.00156261, 0.00156261, 0.00156261, 0.00156261, 0.00156261, 0.00156261, 0.00156261, 0.00156261, 0.00156261, 0.00156261, 0.00156261, 0.00156261, 0.00156261, 0.00156261, 0.00156261, 0.00156261, 0.00156261, 0.00156261, 0.00156261, 0.00156261, 0.00156261, 0.00156261, 0.00156261, 0.00156261, 0.00156261, 0.00156261, 0.00156261, 0.00156261, 0.00156261, 0.00156261, 0.00156261, 0.00156261, 0.00156261, 0.00156261, 0.00156261, 0.00156261, 0.00156261, 0.00156261, 0.00156261, 0.00156261, 0.00156261, 0.00156261, 0.00156261, 0.00156261, 0.00156261, 0.00156261, 0.00156261, 0.00156261, 0.00156261, 0.00156261, 0.00156261, 0.00156261, 0.00156261, 0.00156261, 0.00156261, 0.00156261, 0.00156261, 0.00156261, 

 Radiator Length 

0.01, 0.02, 0.03, 0.04, 0.05, 0.06, 0.07, 0.08, 0.09, 0.1, 0.11, 0.12, 0.13, 0.14, 0.15, 0.16, 0.17, 0.18, 0.19, 0.2, 0.21, 0.22, 0.23, 0.24, 0.25, 0.26, 0.27, 0.28, 0.29, 0.3, 0.31, 0.32, 0.33, 0.34, 0.35, 0.36, 0.37, 0.38, 0.39, 0.4, 0.41, 0.42, 0.43, 0.44, 0.45, 0.46, 0.47, 0.48, 0.49, 0.5, 0.51, 0.52, 0.53, 0.54, 0.55, 0.56, 0.57, 0.58, 0.59, 0.6, 0.61, 0.62, 0.63, 0.64, 0.65, 0.66, 0.67, 0.68, 0.69, 0.7, 0.71, 0.72, 0.73, 0.74, 0.75, 0.76, 0.77, 0.78, 0.79, 0.8, 0.81, 0.82, 0.83, 0.84, 0.85, 0.86, 0.87, 0.88, 0.89, 0.9, 0.91, 0.92, 0.93, 0.94, 0.95, 0.96, 0.97, 0.98, 0.99, 1, 

 Tube Width 

0.0246063, 0.0246063, 0.0246063, 0.0246063, 0.0246063, 0.0246063, 0.0246063, 0.0246063, 0.0246063, 0.0246063, 0.0246063, 0.0246063, 0.0246063, 0.0246063, 0.0246063, 0.0246063, 0.0246063, 0.0246063, 0.0246063, 0.0246063, 0.0246063, 0.0246063, 0.0246063, 0.0246063, 0.0246063, 0.0246063, 0.0246063, 0.0246063, 0.0246063, 0.0246063, 0.0246063, 0.0246063, 0.0246063, 0.0246063, 0.0246063, 0.0246063, 0.0246063, 0.0246063, 0.0246063, 0.0246063, 0.0246063, 0.0246063, 0.0246063, 0.0246063, 0.0246063, 0.0246063, 0.0246063, 0.0246063, 0.0246063, 0.0246063, 0.0246063, 0.0246063, 0.0246063, 0.0246063, 0.0246063, 0.0246063, 0.0246063, 0.0246063, 0.0246063, 0.0246063, 0.0246063, 0.0246063, 0.0246063, 0.0246063, 0.0246063, 0.0246063, 0.0246063, 0.0246063, 0.0246063, 0.0246063, 0.0246063, 0.0246063, 0.0246063, 0.0246063, 0.0246063, 0.0246063, 0.0246063, 0.0246063, 0.0246063, 0.0246063, 0.0246063, 0.0246063, 0.0246063, 0.0246063, 0.0246063, 0.0246063, 0.0246063, 0.0246063, 0.0246063, 0.0246063, 0.0246063, 0.0246063, 0.0246063, 0.0246063, 0.0246063, 0.0246063, 0.0246063, 0.0246063, 0.0246063, 0.0246063, 

 Fin Distance 

0.0015875, 0.0015875, 0.0015875, 0.0015875, 0.0015875, 0.0015875, 0.0015875, 0.0015875, 0.0015875, 0.0015875, 0.0015875, 0.0015875, 0.0015875, 0.0015875, 0.0015875, 0.0015875, 0.0015875, 0.0015875, 0.0015875, 0.0015875, 0.0015875, 0.0015875, 0.0015875, 0.0015875, 0.0015875, 0.0015875, 0.0015875, 0.0015875, 0.0015875, 0.0015875, 0.0015875, 0.0015875, 0.0015875, 0.0015875, 0.0015875, 0.0015875, 0.0015875, 0.0015875, 0.0015875, 0.0015875, 0.0015875, 0.0015875, 0.0015875, 0.0015875, 0.0015875, 0.0015875, 0.0015875, 0.0015875, 0.0015875, 0.0015875, 0.0015875, 0.0015875, 0.0015875, 0.0015875, 0.0015875, 0.0015875, 0.0015875, 0.0015875, 0.0015875, 0.0015875, 0.0015875, 0.0015875, 0.0015875, 0.0015875, 0.0015875, 0.0015875, 0.0015875, 0.0015875, 0.0015875, 0.0015875, 0.0015875, 0.0015875, 0.0015875, 0.0015875, 0.0015875, 0.0015875, 0.0015875, 0.0015875, 0.0015875, 0.0015875, 0.0015875, 0.0015875, 0.0015875, 0.0015875, 0.0015875, 0.0015875, 0.0015875, 0.0015875, 0.0015875, 0.0015875, 0.0015875, 0.0015875, 0.0015875, 0.0015875, 0.0015875, 0.0015875, 0.0015875, 0.0015875, 0.0015875, 0.0015875, 

 Fin Height 

0.118813, 0.118813, 0.118813, 0.118813, 0.118813, 0.118813, 0.118813, 0.118813, 0.118813, 0.118813, 0.118813, 0.118813, 0.118813, 0.118813, 0.118813, 0.118813, 0.118813, 0.118813, 0.118813, 0.118813, 0.118813, 0.118813, 0.118813, 0.118813, 0.118813, 0.118813, 0.118813, 0.118813, 0.118813, 0.118813, 0.118813, 0.118813, 0.118813, 0.118813, 0.118813, 0.118813, 0.118813, 0.118813, 0.118813, 0.118813, 0.118813, 0.118813, 0.118813, 0.118813, 0.118813, 0.118813, 0.118813, 0.118813, 0.118813, 0.118813, 0.118813, 0.118813, 0.118813, 0.118813, 0.118813, 0.118813, 0.118813, 0.118813, 0.118813, 0.118813, 0.118813, 0.118813, 0.118813, 0.118813, 0.118813, 0.118813, 0.118813, 0.118813, 0.118813, 0.118813, 0.118813, 0.118813, 0.118813, 0.118813, 0.118813, 0.118813, 0.118813, 0.118813, 0.118813, 0.118813, 0.118813, 0.118813, 0.118813, 0.118813, 0.118813, 0.118813, 0.118813, 0.118813, 0.118813, 0.118813, 0.118813, 0.118813, 0.118813, 0.118813, 0.118813, 0.118813, 0.118813, 0.118813, 0.118813, 0.118813, 

 Fin Width 

0.0246063, 0.0246063, 0.0246063, 0.0246063, 0.0246063, 0.0246063, 0.0246063, 0.0246063, 0.0246063, 0.0246063, 0.0246063, 0.0246063, 0.0246063, 0.0246063, 0.0246063, 0.0246063, 0.0246063, 0.0246063, 0.0246063, 0.0246063, 0.0246063, 0.0246063, 0.0246063, 0.0246063, 0.0246063, 0.0246063, 0.0246063, 0.0246063, 0.0246063, 0.0246063, 0.0246063, 0.0246063, 0.0246063, 0.0246063, 0.0246063, 0.0246063, 0.0246063, 0.0246063, 0.0246063, 0.0246063, 0.0246063, 0.0246063, 0.0246063, 0.0246063, 0.0246063, 0.0246063, 0.0246063, 0.0246063, 0.0246063, 0.0246063, 0.0246063, 0.0246063, 0.0246063, 0.0246063, 0.0246063, 0.0246063, 0.0246063, 0.0246063, 0.0246063, 0.0246063, 0.0246063, 0.0246063, 0.0246063, 0.0246063, 0.0246063, 0.0246063, 0.0246063, 0.0246063, 0.0246063, 0.0246063, 0.0246063, 0.0246063, 0.0246063, 0.0246063, 0.0246063, 0.0246063, 0.0246063, 0.0246063, 0.0246063, 0.0246063, 0.0246063, 0.0246063, 0.0246063, 0.0246063, 0.0246063, 0.0246063, 0.0246063, 0.0246063, 0.0246063, 0.0246063, 0.0246063, 0.0246063, 0.0246063, 0.0246063, 0.0246063, 0.0246063, 0.0246063, 0.0246063, 0.0246063, 0.0246063, 

 Radiator Height 

61.2126, 61.2126, 61.2126, 61.2126, 61.2126, 61.2126, 61.2126, 61.2126, 61.2126, 61.2126, 61.2126, 61.2126, 61.2126, 61.2126, 61.2126, 61.2126, 61.2126, 61.2126, 61.2126, 61.2126, 61.2126, 61.2126, 61.2126, 61.2126, 61.2126, 61.2126, 61.2126, 61.2126, 61.2126, 61.2126, 61.2126, 61.2126, 61.2126, 61.2126, 61.2126, 61.2126, 61.2126, 61.2126, 61.2126, 61.2126, 61.2126, 61.2126, 61.2126, 61.2126, 61.2126, 61.2126, 61.2126, 61.2126, 61.2126, 61.2126, 61.2126, 61.2126, 61.2126, 61.2126, 61.2126, 61.2126, 61.2126, 61.2126, 61.2126, 61.2126, 61.2126, 61.2126, 61.2126, 61.2126, 61.2126, 61.2126, 61.2126, 61.2126, 61.2126, 61.2126, 61.2126, 61.2126, 61.2126, 61.2126, 61.2126, 61.2126, 61.2126, 61.2126, 61.2126, 61.2126, 61.2126, 61.2126, 61.2126, 61.2126, 61.2126, 61.2126, 61.2126, 61.2126, 61.2126, 61.2126, 61.2126, 61.2126, 61.2126, 61.2126, 61.2126, 61.2126, 61.2126, 61.2126, 61.2126, 61.2126, 

 Q Value 

0, 8198.01, 15550.8, 22160.7, 28116.2, 33493.7, 38359.7, 42771.7, 46780.2, 50429.1, 53756.9, 56797.3, 59580.2, 62131.8, 64475.1, 66630.6, 68616.6, 70449.1, 72142.5, 73709.6, 75161.9, 76509.6, 77762, 78927.1, 80012.5, 81024.8, 81970, 82853.7, 83680.6, 84455.4, 85181.9, 85864, 86505, 87107.9, 87675.5, 88210.3, 88714.7, 89190.9, 89640.7, 90065.9, 90468.3, 90849.3, 91210.4, 91552.7, 91877.6, 92186, 92479.1, 92757.8, 93022.8, 93275.2, 93515.5, 93744.5, 93962.9, 94171.2, 94370.1, 94560, 94741.4, 94914.8, 95080.6, 95239.3, 95391.1, 95536.5, 95675.8, 95809.2, 95937.2, 96059.9, 96177.6, 96290.5, 96399, 96503.1, 96603.2, 96699.3, 96791.7, 96880.5, 96966, 97048.2, 97127.2, 97203.4, 97276.7, 97347.3, 97415.2, 97480.7, 97543.9, 97604.7, 97663.4, 97719.9, 97774.5, 97827.1, 97877.9, 97926.9, 97974.2, 98019.8, 98063.9, 98106.4, 98147.5, 98187.2, 98225.6, 98262.7, 98298.5, 98333.1, 